318
(4632.65, 690032, 0.663) (0.5, 0.5, 0.5) (1, 0)
(4758.15, 690211, 0.69) (0.5, 0.5, 0.5) (1, 0)
(4755.94, 690047, 0.898) (0.5, 0.5, 0.5) (1, 0)
(4651.89, 690150, 0.478) (0.5, 0.5, 0.5) (1, 0)
(4253.11, 690414, 0.893) (0.5, 0.5, 0.5) (1, 0)
(4628.17, 690349, 0.722) (0.5, 0.5, 0.5) (1, 0)
(4666.53, 690309, 0.563) (0.5, 0.5, 0.5) (1, 0)
(4927.81, 690219, 0.898) (0.5, 0.5, 0.5) (1, 0)
(4871.84, 690235, 0.829) (0.5, 0.5, 0.5) (1, 0)
(4769.91, 690386, 0.577) (0.5, 0.5, 0.5) (1, 0)
(4622.26, 690079, 0.605) (0.5, 0.5, 0.5) (1, 0)
(4907.72, 690283, 0.791) (0.5, 0.5, 0.5) (1, 0)
(4528.72, 690108, 0.784) (0.5, 0.5, 0.5) (1, 0)
(4506.21, 690388, 0.862) (0.5, 0.5, 0.5) (1, 0)
(5048.54, 690364, 1.07) (0.5, 0.5, 0.5) (1, 0)
(3312.29, 691887, 0.164) (0.5, 0.5, 0.5) (1, 0)
(2882.82, 692533, 0.19) (0.5, 0.5, 0.5) (1, 0)
(3365.06, 692681, 0.19) (0.5, 0.5, 0.5) (1, 0)
(3228.55, 692157, 0.19) (0.5, 0.5, 0.5) (1, 0)
(3403.15, 692684, 0.209) (0.5, 0.5, 0.5) (1, 0)
(2838.64, 692440, 0.228) (0.5, 0.5, 0.5) (1, 0)
(4248.57, 691739, 0.293) (0.5, 0.5, 0.5) (1, 0)
(2528.65, 692100, 0.287) (0.5, 0.5, 0.5) (1, 0)
(4188.87, 691625, 0.307) (0.5, 0.5, 0.5) (1, 0)
(2732.56, 692784, 0.304) (0.5, 0.5, 0.5) (1, 0)
(2787.57, 691248, 0.334) (0.5, 0.5, 0.5) (1, 0)
(3688.91, 692396, 0.33) (0.5, 0.5, 0.5) (1, 0)
(3066.04, 692203, 0.34) (0.5, 0.5, 0.5) (1, 0)
(3994.04, 692265, 0.333) (0.5, 0.5, 0.5) (1, 0)
(2654.12, 691334, 0.355) (0.5, 0.5, 0.5) (1, 0)
(3153.73, 692877, 0.38) (0.5, 0.5, 0.5) (1, 0)
(3772.51, 690620, 0.393) (0.5, 0.5, 0.5) (1, 0)
(2587.65, 692748, 0.382) (0.5, 0.5, 0.5) (1, 0)
(3338.03, 691488, 0.408) (0.5, 0.5, 0.5) (1, 0)
(3831.71, 691859, 0.452) (0.5, 0.5, 0.5) (1, 0)
(2722.52, 692840, 0.468) (0.5, 0.5, 0.5) (1, 0)
(2406.05, 690838, 0.937) (0.5, 0.5, 0.5) (1, 0)
(3743.4, 690897, 1.264) (0.5, 0.5, 0.5) (1, 0)
(2590.62, 692409, 0.282) (0.5, 0.5, 0.5) (1, 0)
(3847.45, 692240, 0.12) (0.5, 0.5, 0.5) (1, 0)
(3930.77, 691295, 0.72) (0.5, 0.5, 0.5) (1, 0)
(4118.99, 691805, 0.819) (0.5, 0.5, 0.5) (1, 0)
(3857.07, 692390, 0.498) (0.5, 0.5, 0.5) (1, 0)
(3007.49, 690890, 0.896) (0.5, 0.5, 0.5) (1, 0)
(3193.87, 691970, 0.207) (0.5, 0.5, 0.5) (1, 0)
(3358.96, 692597, 0.157) (0.5, 0.5, 0.5) (1, 0)
(1893.74, 691154, 1.062) (0.5, 0.5, 0.5) (1, 0)
(3395.21, 691702, 0.557) (0.5, 0.5, 0.5) (1, 0)
(3089.73, 691054, 1.133) (0.5, 0.5, 0.5) (1, 0)
(3969.68, 690983, 1.091) (0.5, 0.5, 0.5) (1, 0)
(2430.15, 692456, 0.637) (0.5, 0.5, 0.5) (1, 0)
(2983.75, 690755, 0.39) (0.5, 0.5, 0.5) (1, 0)
(3179.32, 690718, 0.057) (0.5, 0.5, 0.5) (1, 0)
(2474.55, 690895, 1.083) (0.5, 0.5, 0.5) (1, 0)
(2177.44, 691181, 0.88) (0.5, 0.5, 0.5) (1, 0)
(3202.03, 691496, 0.581) (0.5, 0.5, 0.5) (1, 0)
(3033.66, 693119, 0.03) (0.5, 0.5, 0.5) (1, 0)
(3015.47, 691732, 0.437) (0.5, 0.5, 0.5) (1, 0)
(4155.86, 691982, 0.38) (0.5, 0.5, 0.5) (1, 0)
(3029.54, 692033, 0.033) (0.5, 0.5, 0.5) (1, 0)
(4244.63, 691877, 0.933) (0.5, 0.5, 0.5) (1, 0)
(3457.54, 690964, 0.639) (0.5, 0.5, 0.5) (1, 0)
(4006.23, 691813, 0.505) (0.5, 0.5, 0.5) (1, 0)
(3191.69, 691613, 0.76) (0.5, 0.5, 0.5) (1, 0)
(3988.16, 692451, 0.746) (0.5, 0.5, 0.5) (1, 0)
(3925.85, 691820, 0.693) (0.5, 0.5, 0.5) (1, 0)
(2759.48, 690767, 1.164) (0.5, 0.5, 0.5) (1, 0)
(4157.7, 691035, 0.554) (0.5, 0.5, 0.5) (1, 0)
(2784.8, 691467, 0.392) (0.5, 0.5, 0.5) (1, 0)
(2464.65, 692515, 0.915) (0.5, 0.5, 0.5) (1, 0)
(4083.54, 692034, 0.521) (0.5, 0.5, 0.5) (1, 0)
(2513.34, 691623, 0.588) (0.5, 0.5, 0.5) (1, 0)
(3637.44, 691135, 0.577) (0.5, 0.5, 0.5) (1, 0)
(3159.02, 691476, 0.672) (0.5, 0.5, 0.5) (1, 0)
(3261.84, 691598, 0.826) (0.5, 0.5, 0.5) (1, 0)
(2888.45, 691570, 0.805) (0.5, 0.5, 0.5) (1, 0)
(2949.68, 691165, 1.23) (0.5, 0.5, 0.5) (1, 0)
(2606.16, 691086, 1.071) (0.5, 0.5, 0.5) (1, 0)
(3045.66, 691898, 0.495) (0.5, 0.5, 0.5) (1, 0)
(3402.34, 691606, 0.587) (0.5, 0.5, 0.5) (1, 0)
(3888.58, 691863, 0.648) (0.5, 0.5, 0.5) (1, 0)
(3623.79, 690647, 0.253) (0.5, 0.5, 0.5) (1, 0)
(2726.76, 692753, 0.41) (0.5, 0.5, 0.5) (1, 0)
(3662.84, 690881, 1.18) (0.5, 0.5, 0.5) (1, 0)
(2783.34, 692599, 0.219) (0.5, 0.5, 0.5) (1, 0)
(3072.61, 690732, 0.364) (0.5, 0.5, 0.5) (1, 0)
(2830.28, 691046, 0.42) (0.5, 0.5, 0.5) (1, 0)
(2534.23, 692203, 0.936) (0.5, 0.5, 0.5) (1, 0)
(2644.1, 690758, 1.097) (0.5, 0.5, 0.5) (1, 0)
(3386.76, 691755, 0.29) (0.5, 0.5, 0.5) (1, 0)
(2852.72, 690961, 1.001) (0.5, 0.5, 0.5) (1, 0)
(3081.05, 692038, 0.57) (0.5, 0.5, 0.5) (1, 0)
(3251.72, 692041, 0.166) (0.5, 0.5, 0.5) (1, 0)
(3602.08, 691234, 0.476) (0.5, 0.5, 0.5) (1, 0)
(3581.52, 690907, 1.035) (0.5, 0.5, 0.5) (1, 0)
(3087.82, 691358, 1.012) (0.5, 0.5, 0.5) (1, 0)
(3560.35, 690673, 0.36) (0.5, 0.5, 0.5) (1, 0)
(3993.94, 691651, 0.108) (0.5, 0.5, 0.5) (1, 0)
(4025.52, 690696, 0.916) (0.5, 0.5, 0.5) (1, 0)
(3273.85, 692784, 0.623) (0.5, 0.5, 0.5) (1, 0)
(3580.35, 691022, 0.72) (0.5, 0.5, 0.5) (1, 0)
(2729.4, 692639, 0.498) (0.5, 0.5, 0.5) (1, 0)
(4089.9, 690883, 0.815) (0.5, 0.5, 0.5) (1, 0)
(2599.03, 692576, 0.73) (0.5, 0.5, 0.5) (1, 0)
(2909.03, 691390, 0.684) (0.5, 0.5, 0.5) (1, 0)
(4012.91, 691282, 0.447) (0.5, 0.5, 0.5) (1, 0)
(3479.58, 691647, 0.34) (0.5, 0.5, 0.5) (1, 0)
(2918.11, 690945, 1.01) (0.5, 0.5, 0.5) (1, 0)
(2898.88, 691161, 0.955) (0.5, 0.5, 0.5) (1, 0)
(3870.43, 690634, 0.524) (0.5, 0.5, 0.5) (1, 0)
(2644.27, 690903, 1.256) (0.5, 0.5, 0.5) (1, 0)
(4027.89, 690839, 0.92) (0.5, 0.5, 0.5) (1, 0)
(3094.33, 691250, 0.775) (0.5, 0.5, 0.5) (1, 0)
(1824.14, 690905, 0.681) (0.5, 0.5, 0.5) (1, 0)
(3876.09, 690932, 1.151) (0.5, 0.5, 0.5) (1, 0)
(4074.76, 692094, 0.343) (0.5, 0.5, 0.5) (1, 0)
(3790.66, 691041, 1.288) (0.5, 0.5, 0.5) (1, 0)
(2582.71, 691648, 0.514) (0.5, 0.5, 0.5) (1, 0)
(3995.76, 692395, 0.657) (0.5, 0.5, 0.5) (1, 0)
(2482.25, 691893, 1.107) (0.5, 0.5, 0.5) (1, 0)
(3996.72, 691115, 0.953) (0.5, 0.5, 0.5) (1, 0)
(2644.5, 691046, 1.061) (0.5, 0.5, 0.5) (1, 0)
(3395.43, 691118, 0.596) (0.5, 0.5, 0.5) (1, 0)
(3401.6, 692483, 0.031) (0.5, 0.5, 0.5) (1, 0)
(2879.51, 692365, 0.026) (0.5, 0.5, 0.5) (1, 0)
(3321.23, 692533, 0.028) (0.5, 0.5, 0.5) (1, 0)
(2725.82, 692964, 0.025) (0.5, 0.5, 0.5) (1, 0)
(2791.9, 691938, 0.042) (0.5, 0.5, 0.5) (1, 0)
(3547.13, 691611, 0.04) (0.5, 0.5, 0.5) (1, 0)
(3491.67, 692366, 0.098) (0.5, 0.5, 0.5) (1, 0)
(4163.68, 691228, 0.089) (0.5, 0.5, 0.5) (1, 0)
(3626.76, 692328, 0.138) (0.5, 0.5, 0.5) (1, 0)
(3412.26, 691467, 0.137) (0.5, 0.5, 0.5) (1, 0)
(3493.59, 692508, 0.137) (0.5, 0.5, 0.5) (1, 0)
(2782.08, 692050, 0.155) (0.5, 0.5, 0.5) (1, 0)
(2891.29, 692515, 0.152) (0.5, 0.5, 0.5) (1, 0)
(2638.26, 691847, 0.493) (0.5, 0.5, 0.5) (1, 0)
(3752.33, 691942, 0.546) (0.5, 0.5, 0.5) (1, 0)
(4030.58, 691358, 0.55) (0.5, 0.5, 0.5) (1, 0)
(4041.22, 691948, 0.634) (0.5, 0.5, 0.5) (1, 0)
(1879.88, 690911, 0.658) (0.5, 0.5, 0.5) (1, 0)
(2019.55, 690946, 0.649) (0.5, 0.5, 0.5) (1, 0)
(3684.95, 692063, 0.652) (0.5, 0.5, 0.5) (1, 0)
(4115.81, 691750, 0.668) (0.5, 0.5, 0.5) (1, 0)
(1575.58, 690909, 0.678) (0.5, 0.5, 0.5) (1, 0)
(3424.31, 691083, 0.68) (0.5, 0.5, 0.5) (1, 0)
(4031.92, 691205, 0.68) (0.5, 0.5, 0.5) (1, 0)
(3203.37, 691403, 0.698) (0.5, 0.5, 0.5) (1, 0)
(4020.87, 691873, 0.695) (0.5, 0.5, 0.5) (1, 0)
(2437.44, 691036, 0.732) (0.5, 0.5, 0.5) (1, 0)
(3252.96, 691657, 0.823) (0.5, 0.5, 0.5) (1, 0)
(2269.02, 692200, 0.845) (0.5, 0.5, 0.5) (1, 0)
(2553.8, 691986, 0.87) (0.5, 0.5, 0.5) (1, 0)
(1844.3, 691022, 0.89) (0.5, 0.5, 0.5) (1, 0)
(1724.65, 691049, 0.917) (0.5, 0.5, 0.5) (1, 0)
(2347.16, 692274, 0.966) (0.5, 0.5, 0.5) (1, 0)
(2398.38, 691526, 0.99) (0.5, 0.5, 0.5) (1, 0)
(2476.44, 691710, 0.999) (0.5, 0.5, 0.5) (1, 0)
(2516.08, 692289, 1.025) (0.5, 0.5, 0.5) (1, 0)
(4038.77, 690783, 1.043) (0.5, 0.5, 0.5) (1, 0)
(2967.13, 691009, 1.073) (0.5, 0.5, 0.5) (1, 0)
(2531.48, 690941, 1.066) (0.5, 0.5, 0.5) (1, 0)
(2469.41, 691816, 1.097) (0.5, 0.5, 0.5) (1, 0)
(2034.49, 691194, 1.131) (0.5, 0.5, 0.5) (1, 0)
(4358.27, 690823, 1.364) (0.5, 0.5, 0.5) (1, 0)
(5156.71, 691391, 1.39) (0.5, 0.5, 0.5) (1, 0)
(5024.39, 690840, 0.37) (0.5, 0.5, 0.5) (1, 0)
(4696.48, 691089, 0.167) (0.5, 0.5, 0.5) (1, 0)
(4911.22, 691332, 0.761) (0.5, 0.5, 0.5) (1, 0)
(4665.79, 690646, 1.396) (0.5, 0.5, 0.5) (1, 0)
(4841.31, 690737, 0.89) (0.5, 0.5, 0.5) (1, 0)
(4418.29, 690801, 1.344) (0.5, 0.5, 0.5) (1, 0)
(4658.24, 691087, 0.1) (0.5, 0.5, 0.5) (1, 0)
(4741.05, 691628, 1.226) (0.5, 0.5, 0.5) (1, 0)
(5053.25, 691096, 0.05) (0.5, 0.5, 0.5) (1, 0)
(4577.43, 690948, 0.88) (0.5, 0.5, 0.5) (1, 0)
(4314.13, 691828, 0.627) (0.5, 0.5, 0.5) (1, 0)
(5268.8, 691494, 1.216) (0.5, 0.5, 0.5) (1, 0)
(4416.42, 691439, 0.12) (0.5, 0.5, 0.5) (1, 0)
(4938.09, 691421, 0.568) (0.5, 0.5, 0.5) (1, 0)
(5308.29, 690642, 0.826) (0.5, 0.5, 0.5) (1, 0)
(4526.22, 691308, 0.234) (0.5, 0.5, 0.5) (1, 0)
(4267.34, 690688, 1.222) (0.5, 0.5, 0.5) (1, 0)
(4667.26, 690817, 0.362) (0.5, 0.5, 0.5) (1, 0)
(4826.38, 691300, 0.38) (0.5, 0.5, 0.5) (1, 0)
(4778.62, 690539, 0.877) (0.5, 0.5, 0.5) (1, 0)
(4241.47, 691286, 0.503) (0.5, 0.5, 0.5) (1, 0)
(4756.54, 690597, 1.18) (0.5, 0.5, 0.5) (1, 0)
(4161.61, 690898, 0.708) (0.5, 0.5, 0.5) (1, 0)
(4787.97, 690445, 0.61) (0.5, 0.5, 0.5) (1, 0)
(4440.85, 691223, 0.068) (0.5, 0.5, 0.5) (1, 0)
(4470.07, 691506, 0.36) (0.5, 0.5, 0.5) (1, 0)
(4474.51, 691115, 0.364) (0.5, 0.5, 0.5) (1, 0)
(4514.59, 691055, 0.391) (0.5, 0.5, 0.5) (1, 0)
(4624.64, 691552, 0.471) (0.5, 0.5, 0.5) (1, 0)
(5183.73, 690920, 0.488) (0.5, 0.5, 0.5) (1, 0)
(4761.33, 690811, 0.63) (0.5, 0.5, 0.5) (1, 0)
(5194.19, 691170, 0.676) (0.5, 0.5, 0.5) (1, 0)
(4899.86, 691367, 0.723) (0.5, 0.5, 0.5) (1, 0)
(5221.04, 690564, 0.77) (0.5, 0.5, 0.5) (1, 0)
(4939.85, 691291, 0.818) (0.5, 0.5, 0.5) (1, 0)
(5396.54, 690495, 1.027) (0.5, 0.5, 0.5) (1, 0)
(5086.88, 691246, 1.026) (0.5, 0.5, 0.5) (1, 0)
(4319.19, 690567, 1.108) (0.5, 0.5, 0.5) (1, 0)
(2749.65, 693301, 0.035) (0.5, 0.5, 0.5) (1, 0)
(3819.77, 690498, 0.676) (0.5, 0.5, 0.5) (1, 0)
(3574.46, 690472, 0.857) (0.5, 0.5, 0.5) (1, 0)
(3394.69, 690567, 0.036) (0.5, 0.5, 0.5) (1, 0)
(2787.28, 690629, 1.205) (0.5, 0.5, 0.5) (1, 0)
(2955.44, 690434, 0.865) (0.5, 0.5, 0.5) (1, 0)
(2283.65, 690606, 0.81) (0.5, 0.5, 0.5) (1, 0)
(3351.88, 690582, 0.034) (0.5, 0.5, 0.5) (1, 0)
(3679.59, 690510, 0.927) (0.5, 0.5, 0.5) (1, 0)
(3192.7, 690502, 0.334) (0.5, 0.5, 0.5) (1, 0)
(3542.51, 690262, 0.478) (0.5, 0.5, 0.5) (1, 0)
(3473.36, 690232, 0.632) (0.5, 0.5, 0.5) (1, 0)
(2159.82, 690556, 0.835) (0.5, 0.5, 0.5) (1, 0)
(2965.08, 690600, 0.841) (0.5, 0.5, 0.5) (1, 0)
(3348.8, 690221, 0.85) (0.5, 0.5, 0.5) (1, 0)
(3364.68, 690273, 0.872) (0.5, 0.5, 0.5) (1, 0)
(2204.22, 690608, 0.878) (0.5, 0.5, 0.5) (1, 0)
(3356.2, 690333, 0.872) (0.5, 0.5, 0.5) (1, 0)
(3303.78, 690310, 0.913) (0.5, 0.5, 0.5) (1, 0)
(1951.91, 690703, 0.65) (0.5, 0.5, 0.5) (1, 0)
(1802.93, 690587, 0.926) (0.5, 0.5, 0.5) (1, 0)
(1864.97, 690546, 0.768) (0.5, 0.5, 0.5) (1, 0)
(1627.6, 690677, 0.807) (0.5, 0.5, 0.5) (1, 0)
(1708.92, 690690, 0.691) (0.5, 0.5, 0.5) (1, 0)
(2000.35, 690733, 0.585) (0.5, 0.5, 0.5) (1, 0)
(2111.55, 690655, 0.446) (0.5, 0.5, 0.5) (1, 0)
(1752.97, 690731, 0.639) (0.5, 0.5, 0.5) (1, 0)
(2036.27, 690682, 0.063) (0.5, 0.5, 0.5) (1, 0)
(1865.14, 690760, 0.652) (0.5, 0.5, 0.5) (1, 0)
(1691.58, 690597, 0.734) (0.5, 0.5, 0.5) (1, 0)
(2086.41, 690582, 0.726) (0.5, 0.5, 0.5) (1, 0)
(1853.1, 690647, 0.8) (0.5, 0.5, 0.5) (1, 0)
(1649.33, 690578, 0.827) (0.5, 0.5, 0.5) (1, 0)
(3409.68, 690588, 0.146) (0.5, 0.5, 0.5) (1, 0)
(2827.49, 690667, 1.21) (0.5, 0.5, 0.5) (1, 0)
(3055.4, 690555, 0.751) (0.5, 0.5, 0.5) (1, 0)
(3632.71, 690453, 1.008) (0.5, 0.5, 0.5) (1, 0)
(2147.2, 690628, 0.727) (0.5, 0.5, 0.5) (1, 0)
(3295.44, 690396, 1.032) (0.5, 0.5, 0.5) (1, 0)
(1891.89, 690835, 0.682) (0.5, 0.5, 0.5) (1, 0)
(2041.17, 690768, 0.63) (0.5, 0.5, 0.5) (1, 0)
(1819.59, 690604, 0.917) (0.5, 0.5, 0.5) (1, 0)
(4298.36, 690344, 0.77) (0.5, 0.5, 0.5) (1, 0)
(4660.39, 690213, 0.508) (0.5, 0.5, 0.5) (1, 0)
(4775.79, 690063, 0.905) (0.5, 0.5, 0.5) (1, 0)
(3103.54, 692034, 0.532) (0.5, 0.5, 0.5) (1, 0)
(4193.46, 691848, 0.94) (0.5, 0.5, 0.5) (1, 0)
(3065.9, 691953, 0.48) (0.5, 0.5, 0.5) (1, 0)
(5004.89, 691004, 0.222) (0.5, 0.5, 0.5) (1, 0)
(4340.08, 690988, 1.243) (0.5, 0.5, 0.5) (1, 0)
(4904, 690907, 0.851) (0.5, 0.5, 0.5) (1, 0)
(2666.13, 691361, 0.306) (0.5, 0.5, 0.5) (1, 0)
(2878.23, 691299, 0.915) (0.5, 0.5, 0.5) (1, 0)
(3750.26, 691134, 1.192) (0.5, 0.5, 0.5) (1, 0)
(3229.14, 691120, 0.149) (0.5, 0.5, 0.5) (1, 0)
(2684.77, 692890, 0.482) (0.5, 0.5, 0.5) (1, 0)
(2822.79, 692673, 0.342) (0.5, 0.5, 0.5) (1, 0)
(3311.39, 692563, 0.138) (0.5, 0.5, 0.5) (1, 0)
(3777.88, 692441, 0.58) (0.5, 0.5, 0.5) (1, 0)
(2450.4, 692599, 1.008) (0.5, 0.5, 0.5) (1, 0)
(3994.71, 692378, 0.659) (0.5, 0.5, 0.5) (1, 0)
(2900.93, 692478, 0.235) (0.5, 0.5, 0.5) (1, 0)
(2792.5, 692336, 0.386) (0.5, 0.5, 0.5) (1, 0)
(3739.16, 692135, 0.052) (0.5, 0.5, 0.5) (1, 0)
(2534.35, 692289, 1.007) (0.5, 0.5, 0.5) (1, 0)
(3137.65, 692181, 0.577) (0.5, 0.5, 0.5) (1, 0)
(3658.27, 692080, 0.649) (0.5, 0.5, 0.5) (1, 0)
(2979.95, 691542, 1.065) (0.5, 0.5, 0.5) (1, 0)
(4099.17, 691339, 0.275) (0.5, 0.5, 0.5) (1, 0)
(2803.9, 691512, 0.633) (0.5, 0.5, 0.5) (1, 0)
(3559.58, 691386, 0.08) (0.5, 0.5, 0.5) (1, 0)
(3861.96, 691337, 0.845) (0.5, 0.5, 0.5) (1, 0)
(3654.03, 691352, 0.739) (0.5, 0.5, 0.5) (1, 0)
(3258.12, 691374, 0.681) (0.5, 0.5, 0.5) (1, 0)
(2376.69, 691479, 0.941) (0.5, 0.5, 0.5) (1, 0)
(3408.37, 691312, 0.09) (0.5, 0.5, 0.5) (1, 0)
(4050.69, 690999, 1.057) (0.5, 0.5, 0.5) (1, 0)
(2996.04, 691132, 1.285) (0.5, 0.5, 0.5) (1, 0)
(2622.94, 691165, 0.98) (0.5, 0.5, 0.5) (1, 0)
(3792.64, 690953, 1.332) (0.5, 0.5, 0.5) (1, 0)
(3376.35, 690995, 0.944) (0.5, 0.5, 0.5) (1, 0)
(3114.34, 691010, 1.134) (0.5, 0.5, 0.5) (1, 0)
(3239.49, 690950, 0.054) (0.5, 0.5, 0.5) (1, 0)
(1691.83, 691104, 0.95) (0.5, 0.5, 0.5) (1, 0)
(2682.4, 690941, 1.272) (0.5, 0.5, 0.5) (1, 0)
(2116.66, 691018, 0.656) (0.5, 0.5, 0.5) (1, 0)
(3423.4, 690786, 0.286) (0.5, 0.5, 0.5) (1, 0)
(2371.02, 690927, 0.796) (0.5, 0.5, 0.5) (1, 0)
(1765.56, 691000, 0.889) (0.5, 0.5, 0.5) (1, 0)
(5012.97, 690736, 0.254) (0.5, 0.5, 0.5) (1, 0)
(4895.71, 690736, 0.814) (0.5, 0.5, 0.5) (1, 0)
(4669.42, 690661, 1.395) (0.5, 0.5, 0.5) (1, 0)
(4360.35, 690691, 1.482) (0.5, 0.5, 0.5) (1, 0)
(4626.97, 690578, 1.366) (0.5, 0.5, 0.5) (1, 0)
(5293.16, 691600, 1.363) (0.5, 0.5, 0.5) (1, 0)
(4306.82, 691613, 0.49) (0.5, 0.5, 0.5) (1, 0)
(4836.93, 691513, 1.285) (0.5, 0.5, 0.5) (1, 0)
(4736.86, 691489, 1.09) (0.5, 0.5, 0.5) (1, 0)
(4271.39, 691379, 0.101) (0.5, 0.5, 0.5) (1, 0)
(4817.9, 691244, 0.521) (0.5, 0.5, 0.5) (1, 0)
(4487.62, 691205, 0.289) (0.5, 0.5, 0.5) (1, 0)
(5244.8, 691100, 1.001) (0.5, 0.5, 0.5) (1, 0)
(3168.47, 693120, 0.592) (0.5, 0.5, 0.5) (1, 0)
(3073.52, 692877, 0.012) (0.5, 0.5, 0.5) (1, 0)
(2806.7, 691902, 0.031) (0.5, 0.5, 0.5) (1, 0)
(4134.29, 691704, 0.548) (0.5, 0.5, 0.5) (1, 0)
(2542.87, 691914, 1.026) (0.5, 0.5, 0.5) (1, 0)
(3023.49, 691821, 0.573) (0.5, 0.5, 0.5) (1, 0)
(3910.89, 691659, 0.182) (0.5, 0.5, 0.5) (1, 0)
(3266.95, 691720, 0.792) (0.5, 0.5, 0.5) (1, 0)
(2410.25, 691828, 1.097) (0.5, 0.5, 0.5) (1, 0)
(3564.81, 691627, 0.028) (0.5, 0.5, 0.5) (1, 0)
(3408.83, 691572, 0.56) (0.5, 0.5, 0.5) (1, 0)
(4029.59, 691427, 0.275) (0.5, 0.5, 0.5) (1, 0)
